-36295.6673891
-31432.9221088
-15188.9763273
-26264.6571826
-20223.2407507
-43552.0371639
-16199.7097617
-16136.1558435
-16055.2899351
-17235.4329194
-6069.13018769
-21067.8371871
-19316.3237797
-11157.2207789
-26273.294963
-21174.0244984
-14132.1828718
-13119.7700318
-18243.082847
-12093.8036868
-22243.438594
-8027.07258628
-28293.7363283
-15128.363109
-14230.3008055
-15128.8172852
-16109.8263562
-12162.140133
-42505.8559666
-15166.611809
-9118.08185112
-19245.5903321
-10126.1170509
-21143.4903953
-32387.2151011
-16195.5409601
-30371.4638608
-21228.3261008
-30380.1259606
-27392.5836614
-17215.3534829
-19094.3419375
-32333.4081824
-20237.7020815
-19211.224678
-18134.2480767
-19119.0669529
-12169.5961035
-22307.6654744
-16347.9084595
-15197.4985908
-21419.1462733
-26270.397958
-19215.6997329
-27251.5663099
-12170.7949478
-25254.9874783
-29183.3951673
-14127.6253776
-26300.1416982
-13149.8422313
-9090.77560348
-30370.1986669
-34354.6357455
-13164.5202723
-26173.3006729
-11108.4599189
-7080.76755251
-12130.3427204
-9174.51396883
-24334.0221009
-9176.73702417
-17196.3728107
-10097.8663947
-9099.32806838
-17211.2621766
-11120.7542199
-7072.81922797
-8133.52034132
-14135.0162492
-26328.0049898
-14144.4647096
-14194.7858492
-14121.0049386
-18271.3037296
-26178.6080663
-18264.6830508
-19214.447266
-9067.43945391
-15070.0271678
-11118.9077648
-20025.6575488
-23146.7830802
-18133.3612817
-18250.5239405
-13067.6781356
-26213.2532889
-20166.9331673
-19211.4322563
-23349.3594545
-17165.65584
-17129.8109017
-16199.5568056
-18262.6461472
-24344.5566053
-15192.5794755
-26239.3294906
-13208.2921907
-24199.5474167
-24300.1376597
-19231.3546758
-21241.5029244
-22212.3655018
-6099.19499222
-9154.76041959
-9115.71625093
-30307.9661084
-17244.7808729
-13252.5135648
-28464.4217747
-12191.8503623
-19163.7512992
-14124.9718877
-34372.9802347
-20325.883527
-14091.9559872
-10124.0391533
-19218.8647684
-8094.02627495
-17267.7412118
-10081.3877024
-25180.8367058
-18152.1144348
-15212.5980416
-9214.9574106
-10091.9252677
-17274.4903274
-24334.8802031
-11095.9633488
-4077.93083596
-12161.6651631
-8176.06369507
-21262.2992409
-32331.177348
-15126.556721
-10183.9661271
-22278.0012507
-13210.4565165
-5042.9722348
-23181.7398918
-10050.7686194
-17193.7942404
-14081.6366326
-12150.0820547
-10158.2889183
-11127.911448
-12114.8677102
-27166.9357854
-24212.5712511
-28348.5823055
-11118.7974586
-59205.2405225
-9100.78234511
-37412.8652612
-14162.2973901
-9105.20749211
-37362.513848
-33443.0444634
-14125.5636602
-14097.0711849
-32284.3452128
-16145.3520868
-31273.9994118
-14191.9004662
-22259.3575878
-13191.731591
-23232.5004255
-33519.2369483
-15244.6713618
-23152.1957611
-25289.5075469
-36309.9547773
-17269.6003263
-5027.65754878
-6084.78786481
-10148.9807844
-18282.9976103
-13168.2893396
-30232.4232169
-12138.6653087
-27244.0563478
-11108.3526694
-17214.6824723
-25184.7082464
-25320.5227242
-20306.1088077
-18251.7419678
-18242.0052308
-7150.35759276
-13148.9227923
-57432.5639498
-17220.8498818
-27187.889175
-46344.6541016
-24391.6615764
-24194.3013092
-24360.4282068
-15147.3132862
-20282.2765655
-23381.5896919
-18205.9045677
-42295.8019902
-17099.1826024
-38375.8612321
-25389.5984545
-20157.8720793
-65572.0149796
-14145.6475028
-18250.4386157
-9084.1950899
-18240.9175386
-9032.63663554
-5059.79818268
-9094.64041556
-9080.41207672
-13195.7032144
-9121.84485567
-20208.7015577
-24375.4677385
-21262.0696091
-33275.832687
-39343.2052989
-25153.0327621
-51637.9658904
-20349.4744542
-31315.867403
-13289.2774124
-14200.9397148
-26255.9237217
-36271.6315925
-13091.7036839
-28394.2867057
-12198.6567203
-16367.7986251
-15151.9083313
-11175.2627327
-16187.0198754
-19155.6998709
-20206.996453
-19254.3671147
-28179.9197327
-26375.5136044
-26201.8658528
-29180.8833009
-13156.6018317
-8151.37890148
-3057.17035353
-29235.6366608
-21183.596513
-23253.5695854
-18283.5007803
-26243.435224
-7160.65061636
-10154.8511618
-21137.1345369
-4087.34809476
-16126.4623246
-15079.7699429
-5113.41053393
-46465.7105538
-32510.2144605
-14202.5234177
-36507.6674815
-20390.7292788
-35406.408948
-50576.5205315
-29292.3812079
-6077.99889053
-20188.3113026
-21230.6705131
-21245.3663564
-17223.0168218
-31293.0121107
-12104.8326718
-26239.9644332
-30307.3749324
-12126.317621
-26174.0822737
-9095.29376546
-16293.43282
-10088.2084613
-13174.4928434
-13186.3353272
-20256.6132073
-31463.1832884
-19205.7107902
-17190.7825904
-16205.1470783
-9108.27457372
-13163.7317575
-19259.4766015
-27263.9425857
-11119.0375223
-16221.0651078
-15141.9297669
-23304.8990293
-40443.3651522
-21246.0793215
-12153.3855969
-20220.678956
-6089.11538409
-17328.9229421
-19259.5675935
-22208.9630115
-18105.2709874
-16143.9070607
-32468.0214944
-23112.0205034
-15259.9977266
-22210.5604138
-5110.44362037
-17246.1081126
-24220.516799
-26248.1227091
-18108.6636913
-23276.7787749
-9074.03989441
-8082.33476299
-35304.0474656
-30390.161321
-28287.8911042
-25252.2118135
-24267.3343974
-5089.43121816
-18268.1688035
-34262.1008143
-30199.441697
-30253.2622026
-8113.02424343
-9074.03989441
-7101.3471652
-26170.4990835
-4109.44362037
-29359.5775149
-23210.1059524
-29242.9618778
-30277.6000474
-25282.982092
-22147.7412688
-13046.3584816
-27162.1581104
-11190.0829804
-9074.03989441
-8082.33476299
-26394.6958034
-16256.7195649
-19222.3302033
-16170.3005694
-15190.6681514
-8159.01895185
-27263.9254678
-25312.9766569
-14126.9603329
-9046.5606378
-27507.2400259
-21179.5238859
-14157.5642149
-23284.8947036
-15108.8575943
-14243.5242917
-18052.4304246
-7090.80284053
-9072.36164464
-13146.6722462
-12154.0030751
-12181.2222661
-20248.071204
-40475.964181
-5029.23817184
-16179.6084096
-14130.9859052
-12120.1449554
-19270.177779
-19239.2668251
-17155.9359826
-6084.86213587
-32460.1253383
-40433.237342
-43384.7256814
-27243.4805807
-12143.6288478
-13128.2901611
-25189.2606803
-22204.8106828
-22157.873591
-9178.68918655
-18216.2802461
-14187.1036983
-16354.8489515
-27273.018611
-9125.33546837
-14176.0859305
-11139.852957
-12122.513107
-12158.0007652
-9096.71023341
-21456.2427018
-12116.4525069
-21178.7074087
-18258.5565721
-9223.98500964
-21140.1151882
-15082.6421874
-19163.2978799
-30359.5241535
-21281.2899926
-31453.3171626
-25334.9769736
-17159.245048
-22219.0743802
-23359.4578023
-32578.9876052
-14152.7822586
-46607.584354
-27319.8226375
-48487.2649536
-27332.4891187
-25210.5225873
-22235.7674063
-20270.9190722
-18245.7448288
-17231.6201163
-31204.7600718
-30449.4479852
-24199.2593268
-17144.7815168
-31189.3036184
-12172.4882002
-20225.1656906
-23210.2040906
-24207.8625361
-12155.6978921
-15242.3105279
-19296.098936
-6104.64080076
-18278.9085933
-10116.5051351
-20194.7850583
-15165.4674404
-9007.64514657
-21245.2487702
-23418.7653587
-21191.3656789
-27134.0679653
-10068.3874132
-6076.18275574
-12141.3421188
-22196.23499
-28336.1317434
-20163.7070332
-7039.03242044
-8136.6098409
-7052.76673597
-10169.7774136
-3099.77236103
-13217.5903499
-18193.6339865
-14142.5483084
-13100.4777437
-8094.21514897
-27294.2317461
-6044.48422301
-20183.647135
-22147.3818403
-12210.6938425
-19272.0614638
-15136.2970378
-10062.9990183
-19177.4984928
-17129.130001
-22252.2930794
-10086.6286748
-13096.7625741
-15134.0297861
-13192.8707933
-27280.1604828
-7109.23981252
-36471.1293584
-15122.8352236
-17197.4648605
-6129.12682238
-8095.3845424
-6040.07595654
-10147.3641673
-23233.7887644
-9186.40518166
-8086.66397504
-13102.313782
-18309.8258278
-32431.7423184
-9062.75754069
-15115.2935161
-13219.6784474
-32330.90483
-18116.0675443
-13114.1367444
-33323.9972839
-9168.10147605
-19253.7085408
-12182.3012387
-12154.3686083
-11116.1942757
-5060.81454628
-8082.22281042
-8018.65473376
-27313.3848661
-15296.6648266
-27260.3577929
-30297.0628583
-29281.6148859
-14222.646611
-10154.3869253
-12165.8586022
-16190.5691779
-11099.6583647
-13194.6614372
-18212.3444462
-27290.4385508
-27352.3980836
-19274.2474025
-20156.982772
-12118.9121043
-17161.1365623
-7036.94452316
-12161.5459406
-15177.9971607
-7131.8022595
-16330.3158649
-32461.5857163
-11122.3062285
-5091.82297564
-21204.5233565
-7082.90242767
-6126.80605435
-20254.9211483
-17142.8351235
-11263.8590747
-16176.9465293
-24211.3248153
-5030.30312309
-18219.0842328
-7041.91506349
-20114.9093227
-14095.7084838
-34281.3934388
-3023.01369259
-9063.6823532
-3036.86650318
-22202.9053791
-11111.861946
-7052.35358186
-17143.405852
-9070.34297934
-12066.6175238
-19098.4421156
-16126.5807587
-17196.1109419
-14050.0727272
-17168.4728118
-7069.91520436
-22179.547355
-19174.0643862
-8085.08656545
-9065.9274657
-18178.348924
-8102.78801888
-12220.2774773
-8114.46288241
-25245.3900708
-21198.3830995
-13112.3800838
-13095.3093181
-13076.0266102
-9107.45997617
-8043.33010098
-34282.7274964
-20221.9064406
-16215.7809992
-16193.0968085
-10135.6693937
-24222.1345403
-14083.1042708
-50576.4702831
-35299.7167204
-23324.638334
-14220.2394116
-11027.0434991
-13275.4265876
-29273.1519347
-12294.1048946
-15217.8291732
-16154.0178797
-9028.65754878
-26445.3737743
-17102.6368061
-8044.66995099
-6098.86973654
-9079.73757098
-32506.1410004
-19166.0984391
-22196.8785325
-16223.082601
-26228.0252055
-48521.1369272
-30369.0164174
-44666.2782725
-17132.6766839
-11161.3506394
-23150.5812243
-5018.96755081
-23340.5273115
-20103.7046131
-11168.0267702
-15139.4629601
-13139.3539929
-18122.6626523
-30233.5973156
-19087.188292
-10076.2827937
-10105.3629682
-21288.2656899
-9075.08512936
-11064.5117677
-26151.6982841
-11161.0914093
-13120.7458096
-10105.6312083
-16176.5670283
-28260.4256991
-17164.7785978
-16225.1593154
-5064.25394431
-7088.99219692
-11049.6697853
-17158.7851593
-16146.831025
-12165.9733491
-26355.3368216
-16073.6966364
-7092.83559857
-14064.6733213
-22288.431892
-21199.4592541
-14228.6505948
-11025.5927194
-13213.4061716
-27277.8924892
-5059.09370035
-15160.2247909
-26352.5073395
-8091.36258331
-9091.92326713
-11086.8816936
-16124.5744731
-22278.3651103
-14142.247828
-12212.6975463
-12126.1928574
-4058.18507504
-6023.90266127
-17172.834654
-16107.3969088
-14136.3923759
-13074.4707349
-11171.0608935
-14115.5288092
-25243.401115
-12034.6452874
-8049.66995099
-10119.6046799
-24305.4118116
-21309.2991611
-11165.2096352
-15316.0568561
-21209.1929877
-12108.6857107
-8063.93902051
-16117.6731111
-15187.9668534
-11127.4314859
-19226.9848347
-10156.8561071
-8054.16967786
-12177.4753967
-4116.71829618
-21259.3768934
-8107.61978264
-19240.1858109
-5057.47213848
-12082.3057192
-16163.5761559
-20210.8153729
-17187.7730673
-14130.5116386
-9117.48691696
-14216.0549998
-16194.1101397
-18152.0361374
-15159.5677345
-18262.9284235
-9248.60041809
-16216.2462105
-8188.53726961
-7086.94992574
-12122.6774505
-24348.3712142
-9103.03584944
-16245.4836502
-12105.3416749
-12156.7254397
-57551.6944741
-16149.1781033
-19148.1264804
-28311.2406335
-18194.4607618
-23177.7012177
-16147.5444806
-17101.8069682
-20190.3201731
-14222.1917325
-46440.7730232
-31411.894329
-20266.7560227
-17296.798943
-19200.4836261
-10078.4879055
-14155.2702224
-14174.4745321
-15160.6715028
-8073.83065346
-20192.9936501
-12077.9173359
-26302.5791583
-12127.9228924
-21222.9592344
-9110.69344572
-14211.9691159
-17273.4079186
-14129.9827846
-26270.2499789
-23364.7785442
-16164.274795
-20314.8653168
-12122.6669918
-25278.2669496
-34399.9451144
-49410.7884195
-26228.8771557
-29378.2594819
-25253.8843278
-38300.7769448
-34309.486151
-27278.277301
-7168.00242215
-24326.2195431
-13151.7182501
-17138.9245065
-14137.2487437
-12127.9893005
-6166.46873007
-8136.62509213
-10188.3182257
-8217.64519458
-10137.8111269
-16207.4565595
-21352.4999547
-25397.631189
-11153.1499731
-10205.970581
-23341.9886331
-11247.2979265
-6101.10882373
-17382.5606856
-27280.8005553
-47468.5580432
-15153.0233999
-34489.6764712
-15196.9139622
-23255.2729212
-12125.8772508
-8119.05337907
-24221.4521077
-24278.6527806
-10156.0755209
-14159.4838082
-17167.7237655
-15217.5879649
-9180.30756185
-10103.3083058
-13156.3978095
-11109.3666011
-30395.6196913
-17264.830096
-20378.0710135
-19161.0646642
-11134.7433536
-8155.62357392
-9129.67622162
-14136.5187035
-29192.2994314
-20099.399621
-20246.7408937
-12119.2460874
-16180.4452333
-17181.9573581
-18174.5933884
-6035.94667353
-20166.3522566
-14218.6370148
-14186.9191132
-15264.1755702
-8125.40816738
-14172.739786
-19241.0611491
-13206.5494161
-14120.7358672
-5132.92075435
-12202.0851292
-7099.50624504
-12128.1302579
-9132.9518049
-6042.49796581
-27171.5267562
-9116.81524274
-20239.3908655
-14188.831954
-5054.46303657
-13159.7193692
-14272.894307
-6067.12535628
-17169.3754271
-16165.0146944
-7102.5176664
-9105.03464692
-21190.42969
-24357.6767896
-20279.7063474
-15208.9037413
-13151.0738048
-50597.8512142
-18164.1247778
-10215.8320948
-8128.72913428
-4036.81002801
-7133.60397052
-7126.88577462
-17213.8617514
-9139.23748253
-11125.8326386
-11082.9355285
-10140.277087
-27253.2250123
-14158.7535397
-23291.4371692
-27333.8800707
-16203.477571
-14223.134547
-12236.2631923
-27220.7602473
-12067.5124282
-13134.8836683
-31302.4026193
-22165.1890962
-14179.9747471
-27253.5554668
-7044.76306039
-26272.6000523
-15123.8716856
-22205.3980744
-22306.7190505
-14125.4074088
-19177.5782207
-4036.62749604
-32224.9012024
-15169.4487722
-18242.3920168
-30234.3106134
-25220.204728
-15265.656055
-54636.100777
-25347.6866557
-21367.6506887
-21338.385761
-26310.5472453
-20187.2323928
-21293.2323195
-17243.4563776
-33323.5445016
-21217.2331267
-20219.2305316
-41189.2849283
-21274.5991598
-16210.0084481
-25188.4610171
-22176.1388099
-21272.5919645
-41318.3215081
-9097.39283522
-16206.0339973
-9121.09105767
-28132.3586824
-17286.7905957
-8081.34817557
-34324.2749311
-19363.0318033
-15159.3761879
-8132.71018736
-17095.9399683
-25217.3281678
-16099.4803251
-23314.2799563
-18057.2995772
-16129.4666134
-11114.9105768
-21168.2612463
-16210.7616472
-23264.8169617
-10088.9499774
-20296.078385
-23350.6051602
-14180.5739783
-10076.2807639
-9085.3028135
-11204.1764394
-20257.0090715
-11201.8732776
-11161.0007275
-18167.5268672
-17200.0002768
-15226.508491
-30336.112279
-13154.8757363
-12177.0997865
-22256.6399458
-18282.5004956
-17143.8343475
-24264.0679074
-17102.4813345
-4058.55049624
-14166.1800244
-18232.5760665
-27241.3407572
-15242.2142171
-26267.8281125
-25354.6966629
-12133.3863053
-10104.8567774
-19224.5873188
-13142.2449407
-12225.5358821
-12094.3169073
-23334.758912
-20183.0529797
-12176.1041596
-10123.5841944
-29336.2997757
-12128.7054745
-9157.20591567
-18162.7057893
-5095.80417469
-11190.4821582
-21233.4506254
-5114.59074603
-10196.3958746
-14117.9906736
-14229.8730296
-17209.2181005
-14273.0037842
-5136.55968691
-10085.5255347
-16198.468951
-15392.225254
-6057.68909243
-21192.8402359
-7092.12424184
-27368.5865653
-11122.2251741
-22292.0621525
-12058.6055376
-25220.0227507
-16153.6305493
-23311.6407125
-24303.7361052
-41379.0582851
-38358.1073902
-29515.3954962
-31399.2467703
-12142.550611
-28383.529348
-13235.3462078
-25329.8677336
-12250.4320799
-43416.2605213
-28291.620251
-20173.4716572
-21280.8818567
-15112.6599422
-20277.6653678
-15355.9782345
-20229.1960958
-2030.0511694
-27423.9772762
-16170.3922529
-10180.1799207
-18142.649039
-17246.068472
-19322.2053733
-16207.9892157
-20229.8864931
-13306.5693814
-15210.9792152
-15160.0450029
-11152.4411563
-13230.2096709
-10076.1759485
-22279.9730243
-20250.8942367
-9028.65754878
-20276.2923301
-5091.98418547
-22253.1909242
-27271.6360427
-24186.7732866
-8117.40089799
-20247.5213622
-10171.5812384
-21260.8891838
-11136.2576983
-7027.07258628
-9098.89970207
-15295.6006599
-6064.92312626
-17193.9259331
-9095.40080922
-11188.1398542
-32417.2426255
-11175.5264971
-29200.4486354
-33296.0960525
-23166.5451003
-28180.9987931
-16164.2903335
-22239.1847791
-27287.3427124
-20277.4213362
-29272.1616397
-29263.2648969
-15225.5543609
-18142.0171178
-18185.7317413
-26314.7909361
-24325.4208191
-22370.0332057
-11180.686652
-8117.05044686
-36276.3396095
-15178.7444488
-11124.6600698
-20218.7134326
-6157.96121697
-19252.9901565
-46382.0399837
-36329.4305486
-10089.1482481
-31387.3991321
-11155.836866
-12078.2547229
-13216.1514256
-22253.0821792
-15134.2508194
-17181.296379
-32252.5589415
-11084.0124655
-10269.3696031
-35400.0630151
-12125.8151367
-7142.70505695
-17269.2441769
-20189.3545035
-11142.1878754
-17152.7459551
-9153.98804737
-22209.7593855
-22182.0135536
-37355.8706694
-24203.9608202
-20179.1794701
-15196.2343482
-37358.0140254
-15135.3617743
-14151.8869154
-7078.65718922
-23257.1569412
-21167.9429799
-15199.7696613
-30142.1730008
-22304.3109736
-13155.6125361
-9072.21066024
-20307.2667057
-28301.1259445
-12132.7225208
-20327.113243
-9088.10545347
-13284.3792849
-12132.7225208
-20211.8366097
-13355.0483681
-13132.5330341
-15188.615299
-21179.7378252
-40339.8785721
-14085.3549054
-5029.36838302
-12059.8533087
-18136.970204
-10056.8905408
-24195.0732198
-20225.6027876
-16100.1660438
-11115.8864406
-9092.51294458
-24157.7965464
-25388.5930196
-22225.9307865
-16204.0368739
-23231.8833587
-22224.0933013
-28334.7646696
-18331.8812388
-43541.4048903
-18178.2906387
-11141.183829
-9083.99845463
-18284.5657941
-10116.107704
-7048.25474776
-42280.8324702
-33376.6960848
-7168.01080415
-35372.4692555
-15177.6896024
-16122.3272957
-30339.653049
-17239.7988225
-22205.8699004
-26264.5016012
-17288.0916355
-10189.6739221
-19237.3230586
-30439.1364083
-36447.3858183
-11103.5917826
-18107.2333795
-33195.3308753
-23172.8880284
-11149.9204191
-26245.7650839
-31232.8170209
-31390.7244592
-29280.8735826
-8162.87977527
-40496.208529
-12143.3729433
-40649.2112244
-22291.3859948
-22277.3409984
-35300.5350367
-34539.3269294
-37279.9273349
-14161.0808159
-26158.2153269
-27437.6069825
-26509.4249143
-15118.3872985
-41449.1700484
-17216.5550347
-24217.001471
-33291.103682
-27359.6158538
-12225.8456891
-9124.25515949
-17180.4651046
-26349.977322
-19172.1278946
-15134.4341808
-8128.26281756
-13146.0046029
-19118.0592085
-7040.61738294
-17163.1239555
-10132.738568
-11096.0972001
-17128.214841
-11052.3305771
-13154.1519829
-22197.3846038
-39312.6928976
-10080.7051135
-26204.3142609
-12137.2973745
-17257.5153082
-28551.1104498
-11126.5094675
-8177.64849184
-9034.64528744
-9131.07953263
-16145.4322125
-7083.3389367
-16239.3435242
-11101.71735
-23270.2991519
-15171.1725498
-35463.7771206
-29311.9167704
-18353.2373188
-13271.1725448
-20188.4192564
-13151.53371
-23160.5327054
-7131.00415363
-10199.670929
-23415.3389045
-17109.7747493
-15238.2911103
-10070.6531003
-11046.3584816
-7083.45118339
-10074.4428319
-12161.7207579
-9059.63677641
-14267.4749686
-11062.8256999
-24266.0582847
-42440.9408073
-22194.5942709
-18233.7656205
-12116.0765072
-20109.5856728
-10048.0559013
-15187.4703187
-26403.6519213
-24205.5545414
-17131.9925115
-20186.4012245
-48487.0414427
-13194.0502893
-8028.65754878
-16188.5610551
-28369.5875797
-16127.9378801
-15240.1685589
-35354.3532416
-16263.4228639
-12103.1969414
-20164.9621636
-10091.1863015
-15139.6426969
-11091.3426441
-21260.3613713
-22177.4254661
-15207.0665376
-30301.8561346
-23211.0780283
-36337.4482359
-16217.6237221
-24215.5309766
-15231.0137866
-18117.850736
-16212.0905475
-14131.6300701
-18218.8063269
-26218.2654741
-12118.6809099
-10154.3030469
-20247.6582817
-10112.2827477
-13150.3854419
-20296.7237779
-25368.0673438
-31364.4574643
-34341.7747146
-27284.0421993
-8227.05137573
-14100.3575691
-19400.5661584
-19240.6284264
-17211.6767183
-21332.4154334
-13129.1314999
-12189.9314957
-4094.52663347
-18140.6026421
-33228.0636864
-13174.5479269
-22175.7098856
-26206.9252845
-7088.02772143
-11123.8182167
-18190.8813246
-7110.73026722
-24131.454778
-20343.3816057
-21160.5701456
-37695.6514068
-31396.6153141
-12210.0609567
-19208.7422979
-30454.9947565
-17221.2284709
-31313.4346777
-28373.8103396
-12202.6176243
-23260.166899
-23184.1099724
-17251.837995
-15140.1470976
-18296.4802688
-39457.4903497
-36182.9026091
-16208.8632976
-31494.052586
-16158.6392805
-9102.64756198
-16119.9275817
-39336.7062883
-36418.5979644
-16133.5512299
-14147.3325355
-18261.0776127
-21168.1823254
-13108.2790204
-23203.6017668
-16242.4610933
-12079.9329536
-17262.8941085
-6124.70567039
-20255.5503601
-20118.4371901
-22207.4974511
-10030.2423456
-17166.7012219
-19118.9496561
-8108.98490138
-12054.7718042
-20296.8822427
-12111.3820305
-12125.5793602
-13096.1883507
-13143.8539108
-5027.65754878
-9128.07234274
-16159.997776
-12035.8624954
-11103.4184083
-21276.9892577
-15073.1324124
-13124.8998429
-11110.6250861
-26132.0112426
-11116.4955393
-12133.5846565
-6137.26662827
-19234.4369704
-24264.6733535
-8081.60299194
-11181.7020284
-22365.6145351
-14186.3633908
-29403.5961715
-22209.8314486
-6082.43706634
-27322.8975965
-17223.3668434
-15101.7500662
-11103.1180672
-14173.9396604
-6056.20831167
-22341.7649732
-17116.8606128
-4034.08045109
-21218.0672616
-6027.07258628
-17144.8331392
-7073.98679623
-17209.4367567
-9184.07706645
-14146.424909
-6068.25306466
-8061.98886624
-19090.1062795
-18244.5336295
-12167.5609522
-14160.2255573
-17138.0883989
-22299.1528879
-11091.6217811
-13124.2856275
-22358.3076507
-21185.2675213
-13054.0727272
-6049.15484652
-7058.50740551
-31307.0483634
-17189.9353262
-15132.0093654
-23122.7987748
-23150.9129053
-11044.0849885
-41334.0206188
-12040.6173829
-21203.1784172
-19090.1202516
-10108.593505
-26325.804753
-33439.3856003
-44353.7523145
-47476.8177171
-18179.7975211
-28151.7042253
-13189.6741499
-18161.2731428
-10136.3524655
-16193.0370065
-27280.7045468
-19177.502425
-13133.330512
-20167.2224268
-23215.3607233
-15143.5388405
-8110.2529247
-27294.1338707
-28300.1216093
-23373.8126628
-31335.514162
-27218.9219618
-20237.1812921
-16153.2504962
-22268.5842091
-16153.2504962
-36425.9391999
-19149.6115192
-17112.5570926
-18088.3772036
-38502.4258097
-41386.3262344
-28425.9161526
-20266.4800114
-25404.767431
-35455.1090887
-20293.0811495
-28363.4067133
-50661.4683635
-24307.333213
-12172.2010346
-18340.6978059
-27369.1182917
-23348.8900242
-20286.9097623
-35370.2641895
-11171.0794357
-20238.8899774
-17336.1806894
-29425.6478744
-28419.4693755
-28466.4946103
-32532.2356363
-18178.3805108
-38373.7682662
-22187.12271
-12152.3409393
-22308.1783658
-10139.4839316
-23227.3248075
-17146.9303575
-26380.2940547
-12217.9664282
-5163.58589157
-20243.5911253
-6177.35971524
-22129.9536975
-38481.9195479
-23296.6433366
-19182.4936933
-7115.27732618
-21314.0167355
-23204.4632761
-27390.887003
-30307.0119254
-27228.2277813
-27277.8491701
-29347.0008195
-34373.4647899
-22150.4281774
-15118.0792477
-18191.7795627
-13067.9854273
-31331.7238239
-23249.884782
-11065.0833054
-25341.7960079
-18236.1784935
-37335.0737042
-22174.2796351
-8069.52687713
-13251.9017919
-8158.75343257
-8185.75642355
-22194.1945528
-20189.5768103
-10213.4479511
-22304.4328091
-20109.1851213
-13232.4696266
-4087.69475541
-11093.7194245
-18173.0948128
-26319.4797121
-21220.6989332
-17188.2550137
-9057.4773978
-18087.0449635
-17189.4133791
-8079.07214261
-11089.3214672
-14195.3816872
-24253.6845639
-11081.1533714
-14072.9804093
-8178.50627373
-17212.506528
-11155.6164006
-13114.7263763
-15150.6103871
-33360.328589
-23320.9220341
-19174.1601614
-25254.580975
-19368.1476577
-11188.8640803
-19163.2602225
-16096.8430466
-15189.4658845
-17137.4005038
-15109.3550463
-21169.9455856
-27405.9096539
-13159.0811125
-15195.9605305
-19163.9735128
-27292.0512549
-34542.1251254
-11161.4069708
-12059.6254457
-28283.2340577
-16228.8856931
-17296.2546721
-8086.31671888
-17169.0706242
-9140.12128467
-14107.8107258
-19197.2431346
-14091.6440302
-13171.570576
-11136.1977283
-19353.0856994
-25115.1125414
-21090.0859209
-24249.1946127
-30341.0602678
-36463.8338383
-40311.8284768
-29357.0395387
-29301.4047151
-32292.8051287
-15205.8658458
-16181.634507
-14155.7702951
-22188.3434196
-17216.7521167
-32416.9589152
-17261.0236801
-12064.9274657
-9099.11667301
-26149.1158011
-18161.53983
-19166.0213494
-24244.6034356
-10185.8027011
-32306.2583256
-39456.7450488
-12132.0323715
-23244.1881377
-21284.5805775
-21186.7502324
-22187.3522647
-35343.5310568
-6114.43900883
-12207.8400852
-38242.2830154
-15200.2193843
-15214.7789424
-19175.7441985
-20148.4315933
-26358.6767226
-25259.6797679
-15313.4728835
-18245.0501315
-12169.5852735
-14205.0591878
-28346.1960189
-46726.2762788
-6071.90855057
-16176.6149699
-24221.0975314
-8064.56526007
-30230.5625272
-22180.4177702
-11087.3172624
-11195.9285867
-8111.27969306
-9052.33057713
-13079.1482158
-13077.5013939
-12209.7733362
-31244.2447202
-42562.7724265
-27340.593643
-37409.7109805
-43245.9760481
-14197.5376437
-30340.2496119
-20228.8878417
-29241.6996263
-34480.3938324
-36404.0387573
-22144.8700757
-19179.0762854
-17253.5700961
-21342.9103146
-17200.4259151
-15220.531456
-22143.3179102
-22312.5226033
-19270.2079394
-12135.0225199
-19246.9664312
-18125.5116586
-17184.2563332
-29254.7683035
-24211.2403756
-15172.0431764
-15187.6055795
-9085.36935434
-18250.4774053
-11111.0591515
-13269.0048022
-16076.3023374
-11142.8396216
-15237.0080897
-17179.1579145
-27275.8493241
-20387.3623439
-4037.35569114
-13220.5626773
-18117.3435362
-25295.7116423
-19139.5120782
-21218.7475349
-16211.1997784
-25145.8723913
-19138.0779136
-30266.2024273
-18147.2367159
-7085.60729257
-25154.0982866
-16129.8419933
-24243.6002731
-21195.6487163
-15240.2343814
-7067.4531766
-20293.030874
-6053.34710646
-31424.1475426
-19207.2068457
-18099.3173144
-12143.9221758
-49608.5770487
-22249.2812497
-16148.8771846
-9125.04056179
-11120.6781042
-9110.24327235
-19184.960996
-12204.908592
-22237.6370466
-32291.3984142
-33677.5211817
-32302.8516896
-48353.2205091
-20312.5099232
-19200.8175715
-16206.3742359
-21341.1640618
-16097.1731952
-27320.3916872
-43400.291908
-7059.81037257
-14210.3949335
-19278.5323285
-23395.6994684
-17165.2667106
-14257.2981138
-18147.0790949
-23303.683182
-27393.162393
-24268.7965076
-19183.3045614
-41438.3295926
-17203.5010129
-49435.2577115
-19285.1884302
-24215.1809157
-21144.9977404
-14156.2286679
-24222.3674063
-16232.6767219
-17265.8094136
-27289.5579379
-30166.1001246
-19235.8824216
-19191.2464505
-20109.6773675
-34394.8902192
-28324.5038393
-22196.3416308
-18303.0492819
-17202.475419
-17355.4621263
-23158.103137
-16160.8276391
-24229.093287
-16219.1343562
-27252.5710889
-24279.0451387
-27351.7607522
-15140.3153856
-15193.8019092
-12157.9086862
-7042.07595654
-5080.93083596
-7082.21800322
-18275.3943964
-18298.6656571
-11115.6225964
-34555.5655848
-15288.1215805
-16198.51719
-7124.88246222
-10151.7079155
-19345.4760861
-11260.237752
-8134.87577293
-6007.64514657
-9163.93936838
-27306.1175621
-20180.898599
-25284.3953493
-18264.4432342
-17387.5254535
-9061.64526259
-18194.9243686
-39437.3841125
-13088.6331421
-6082.51563274
-33354.7313688
-11169.2491577
-13202.4855207
-27239.9103577
-12165.552836
-23263.2494968
-15245.9922486
-18180.3125164
-12092.7644477
-18091.0797481
-12076.5354143
-22249.9863406
-10147.1009553
-19156.9139222
-25253.9322526
-40268.6072592
-16132.5013774
-15115.0646988
-10190.5567036
-13169.4373112
-22193.5753542
-16226.5685053
-5042.9722348
-9067.32505743
-19147.8667943
-27308.2565521
-27337.168829
-12169.6653265
-36452.0463632
-13117.2650529
-21192.5480504
-15147.8074693
-8091.70434685
-29300.4676758
-28259.4769406
-4067.67019937
-14257.5439442
-15144.3204242
-17146.7252554
-26388.7307359
-17158.176626
-15179.1608688
-14183.7040519
-18173.9396748
-15187.5267228
-29273.4746274
-11105.9237637
-8086.43480745
-30201.7415506
-22150.2643452
-24187.4464792
-21179.4952443
-23193.8626994
-15081.8271142
-9137.71170551
-17115.5962955
-29242.5422373
-34344.4355356
-20320.5735062
-24316.0011989
-17227.616376
-15230.2588511
-33327.3970713
-21255.1500659
-17272.6850235
-23297.1915161
-12240.0225441
-7183.98396226
-15222.9162019
-13137.2322144
-7073.95094658
-21172.7495532
-22134.2616464
-13099.4034444
-13133.7561393
-11123.0682405
-48.6699509873
-13212.7108064
-17234.3233381
-17153.2338012
-20276.1116818
-18153.4711575
-7038.08217347
-14190.557338
-24159.6004881
-18125.8965824
-10065.1276108
-21219.1486044
-22147.5448788
-10189.9191165
-21193.6411941
-18140.5303059
-37396.1351315
-16158.146414
-29276.7821421
-11193.5449594
-12090.3383046
-20242.8301214
-19207.4012653
-11196.3553855
-18223.603875
-11086.9398679
-17117.2242198
-15202.2437764
-36426.9847427
-26430.3707776
-21337.7035454
-13214.0674091
-16174.653297
-34439.0935133
-14203.1170497
-14268.3470697
-29440.226929
-32270.0122492
-12104.8429569
-17194.9750643
-19383.4121765
-15190.0233606
-13167.4132178
-19237.0870733
-8064.92312626
-10159.7180579
-19331.2727143
-8075.07276688
-34473.6036452
-12095.7461715
-20243.4560514
-7066.31889557
-19280.2082912
-11122.8395993
-21249.5317834
-12157.4753623
-16185.2444014
-15176.1998066
-14145.5557944
-7075.0084913
-18237.3354044
-28282.6111495
-9163.68938802
-25376.3860306
-31376.6248123
-16206.1491472
-22388.2969286
-10133.8072476
-8138.14396738
-13271.6705013
-13297.1282752
-16164.7810278
-15226.3701033
-16174.653297
-34439.0935133
-16143.7786959
-12143.2007016
-7150.81543017
-13166.3027484
-10087.5704945
-12073.9023017
-7020.94330326
-9089.63341781
-16096.4345063
-12200.5750348
-12097.0800858
-25215.8655912
-19176.2715804
-14111.7572839
-13093.5124033
-15172.6615747
-16276.2621136
-6062.63814348
-13206.8221316
-13210.4939698
-8075.92022362
-13190.6049015
-11103.7986678
-7098.49512331
-17241.3878431
-15104.9195621
-10094.432511
-15259.3680069
-13076.9370529
-26287.2995916
-35338.4667897
-10099.0327602
-28252.0246478
-26266.4581053
-11076.087445
-32248.1866009
-8074.53590908
-22240.8500288
-7138.55078372
-13136.4747974
-19365.3061301
-26476.6194049
-12218.5358813
-15120.6238233
-14217.6856507
-1047.34802289
-4007.64514657
-9132.61919008
-17101.3707496
-7066.65367185
-18130.8804078
-4054.48670655
-38354.9498752
-3019.48304013
-5028.65754878
-23207.8687288
-10263.2955242
-33322.1294946
-19158.0066445
-11190.9367752
-6065.47533793
-19185.5911696
-21236.6689457
-19167.6228146
-24183.1091045
